%YAML:1.0
---
camera_matrix: !!opencv-matrix
   rows: 3
   cols: 3
   dt: d
   data: [ 1.3391788906727143e+03, 0., 640, 0.,
       1.3343462870111844e+03, 360, 0., 0., 1. ]
distortion_coefficients: !!opencv-matrix
   rows: 1
   cols: 5
   dt: d
   data: [ 4.1829828497581156e-01, -3.3495398482184995e+00,
       -1.7346618559189241e-02, 8.4549855611374333e-03,
       8.6664520300121417e+00 ]
